-755
-755
-755
-755
-755
6
7
-755
-755
944
944
-682
-682
-682
-682
-682
13
14
-682
-682
717
717
893
893
893
893
893
20
21
893
893
-469
-469
836
836
836
836
836
27
28
836
836
-137
-137
-52
-52
-52
-52
-52
34
35
-52
-52
-755
-755
944
944
944
944
944
41
42
944
944
-682
-682
717
717
717
717
717
48
49
717
717
893
893
-469
-469
-469
-469
-469
55
56
-469
-469
836
836
-137
-137
-137
-137
-137
62
63
-137
-137
-52
-52
-755
-755
-755
-755
-755
69
70
-755
-755
944
944
-682
-682
-682
-682
-682
76
77
-682
-682
717
717
893
893
893
893
893
83
84
893
893
-469
-469
836
836
836
836
836
90
91
836
836
-137
-137
-52
-52
-52
-52
-52
97
98
-52
-52
-755
-755
944
944
944
944
944
104
105
944
944
-682
-682
717
717
717
717
717
111
112
717
717
893
893
-469
-469
-469
-469
-469
118
119
-469
-469
836
836
-137
-137
-137
-137
-137
125
126
-137
-137
-52
-52
-755
-755
-755
-755
-755
132
133
-755
-755
944
944
-682
-682
-682
-682
-682
139
140
-682
-682
717
717
893
893
893
893
893
146
147
893
893
-469
-469
836
836
836
836
836
153
154
836
836
-137
-137
-52
-52
-52
-52
-52
160
161
-52
-52
-755
-755
944
944
944
944
944
167
168
944
944
-682
-682
717
717
717
717
717
174
175
717
717
893
893
-469
-469
-469
-469
-469
181
182
-469
-469
836
836
-137
-137
-137
-137
-137
188
189
-137
-137
-52
-52
-755
-755
-755
-755
-755
195
196
-755
-755
944
944
-682
-682
-682
-682
-682
202
203
-682
-682
717
717
893
893
893
893
893
209
210
893
893
-469
-469
836
836
836
836
836
216
217
836
836
-137
-137
-52
-52
-52
-52
-52
223
224
-52
-52
-755
-755
944
944
944
944
944
230
231
944
944
-682
-682
717
717
717
717
717
237
238
717
717
893
893
-469
-469
-469
-469
-469
244
245
-469
-469
836
836
-137
-137
-137
-137
-137
251
252
-137
-137
-52
-52
-755
-755
-755
-755
-755
258
259
-755
-755
944
944
-682
-682
-682
-682
-682
265
266
-682
-682
717
717
893
893
893
893
893
272
273
893
893
-469
-469
836
836
836
836
836
279
280
836
836
-137
-137
